LLWearable version 22
RASL F EXPLORE SHAPE (SOFIA)

	permissions 0
	{
		base_mask	7fffffff
		owner_mask	7fffffff
		group_mask	00000000
		everyone_mask	00000000
		next_owner_mask	00082000
		creator_id	79908808-d272-49a8-864a-d133a10931e9
		owner_id	79908808-d272-49a8-864a-d133a10931e9
		last_owner_id	79908808-d272-49a8-864a-d133a10931e9
		group_id	00000000-0000-0000-0000-000000000000
	}
	sale_info	0
	{
		sale_type	not
		sale_price	10
	}
type 0
parameters 82
1 .02
2 -.47
4 .07
5 -.03
6 -.14
7 .08
8 -.42
10 .57
11 .24
12 .04
13 0
14 .63
15 -.32
17 .19
18 .22
19 -.5
20 -.14
21 .2
22 0
23 -.28
24 -.34
25 .05
27 -.55
33 .71
34 -.04
35 -.13
36 -1.06
37 -.56
38 -.22
80 0
105 .58
155 -.57
157 0
185 -.52
193 .52
196 -1.1
505 .29
506 -.52
507 -.63
515 -1
517 -.11
518 .11
629 .48
637 .04
646 -.13
647 .03
649 .31
650 .15
652 .39
653 .32
656 0
659 .7
662 .5
663 0
664 0
665 .08
675 -.17
676 -.58
678 .5
682 .51
683 -.18
684 .2
685 0
690 .4
692 .46
693 .28
753 .76
756 -.4
758 .06
759 .73
760 .62
764 .1
765 -.16
769 .47
773 .46
795 .26
796 .08
799 .48
841 .02
842 .12
879 0
880 -.72
textures 0
