LLWearable version 22
RASL M CREATE SHAPE (MIKO)

	permissions 0
	{
		base_mask	7fffffff
		owner_mask	7fffffff
		group_mask	00000000
		everyone_mask	00000000
		next_owner_mask	00082000
		creator_id	79908808-d272-49a8-864a-d133a10931e9
		owner_id	79908808-d272-49a8-864a-d133a10931e9
		last_owner_id	79908808-d272-49a8-864a-d133a10931e9
		group_id	00000000-0000-0000-0000-000000000000
	}
	sale_info	0
	{
		sale_type	not
		sale_price	10
	}
type 0
parameters 82
1 .21
2 -.21
4 .26
5 -.07
6 .13
7 -.04
8 -.2
10 .25
11 .1
12 .07
13 .03
14 .67
15 -.2
17 .14
18 .5
19 -.4
20 -.04
21 .26
22 .02
23 -.06
24 -.1
25 .53
27 .43
33 1.14
34 -.02
35 0
36 -.9
37 -.62
38 .02
80 1
105 .5
155 -.24
157 .02
185 -.6
193 .65
196 -1.07
505 .61
506 0
507 0
515 -1
517 -.13
518 -.19
629 .43
637 .03
646 -.06
647 .03
649 .5
650 .65
652 .45
653 .05
656 0
659 .62
662 .5
663 0
664 0
665 .08
675 -.14
676 -.4
678 .41
682 .59
683 -.12
684 0
685 .19
690 .41
692 .36
693 .2
753 .65
756 -.62
758 -.54
759 .45
760 .11
764 .44
765 .29
769 .47
773 .43
795 .23
796 .21
799 .52
841 0
842 -.24
879 .08
880 -.9
textures 0
