LLWearable version 22
RASL M SHOP SHAPE (REMY)

	permissions 0
	{
		base_mask	7fffffff
		owner_mask	7fffffff
		group_mask	00000000
		everyone_mask	00000000
		next_owner_mask	00082000
		creator_id	79908808-d272-49a8-864a-d133a10931e9
		owner_id	79908808-d272-49a8-864a-d133a10931e9
		last_owner_id	79908808-d272-49a8-864a-d133a10931e9
		group_id	00000000-0000-0000-0000-000000000000
	}
	sale_info	0
	{
		sale_type	not
		sale_price	10
	}
type 0
parameters 82
1 .21
2 -.27
4 .29
5 .22
6 -.07
7 -.14
8 -.2
10 1.2
11 .5
12 .46
13 .28
14 .56
15 -.22
17 -.05
18 1.02
19 -.45
20 -.2
21 .23
22 .55
23 -.12
24 -.24
25 -.11
27 .43
33 .93
34 -.26
35 .17
36 -.68
37 -.14
38 -.12
80 1
105 .5
155 -.53
157 .03
185 -.68
193 .6
196 -.95
505 .31
506 -.28
507 0
515 -1
517 -.17
518 -.08
629 .37
637 .06
646 -.06
647 -.11
649 .5
650 -.55
652 .43
653 .5
656 0
659 .55
662 .5
663 0
664 0
665 0
675 -.08
676 -.1
678 .41
682 .58
683 -.11
684 0
685 .08
690 .44
692 .08
693 .2
753 .9
756 -.78
758 -.42
759 .17
760 .3
764 .54
765 .32
769 .46
773 .45
795 .3
796 .28
799 .53
841 0
842 -.1
879 .1
880 -.95
textures 0
