LLWearable version 22
RASL F CREATE SHAPE (POPPY)

	permissions 0
	{
		base_mask	7fffffff
		owner_mask	7fffffff
		group_mask	00000000
		everyone_mask	00000000
		next_owner_mask	00082000
		creator_id	79908808-d272-49a8-864a-d133a10931e9
		owner_id	79908808-d272-49a8-864a-d133a10931e9
		last_owner_id	79908808-d272-49a8-864a-d133a10931e9
		group_id	00000000-0000-0000-0000-000000000000
	}
	sale_info	0
	{
		sale_type	not
		sale_price	10
	}
type 0
parameters 82
1 .02
2 -.44
4 -.06
5 -.02
6 -.05
7 .02
8 -.42
10 .3
11 .24
12 -.23
13 0
14 .46
15 -.28
17 .25
18 -.38
19 -.45
20 -.14
21 -.02
22 0
23 -.46
24 .22
25 .19
27 -.47
33 .58
34 .07
35 -.1
36 -1
37 -1.04
38 -.24
80 0
105 .53
155 -.44
157 0
185 -.62
193 .46
196 -1.13
505 .35
506 -.68
507 -.24
515 -1
517 -.05
518 .24
629 .5
637 .06
646 -.08
647 -.17
649 .32
650 0
652 .37
653 .35
656 0
659 .57
662 .5
663 0
664 0
665 .08
675 -.17
676 -.49
678 .5
682 .53
683 -.17
684 .04
685 0
690 .39
692 .3
693 .2
753 .55
756 -.38
758 .06
759 .17
760 .85
764 .32
765 -.08
769 .45
773 .53
795 .2
796 .08
799 .5
841 -.02
842 .06
879 0
880 -.85
textures 0
