LLWearable version 22
RASL M LOVE SHAPE (JON)

	permissions 0
	{
		base_mask	7fffffff
		owner_mask	7fffffff
		group_mask	00000000
		everyone_mask	00000000
		next_owner_mask	00082000
		creator_id	79908808-d272-49a8-864a-d133a10931e9
		owner_id	79908808-d272-49a8-864a-d133a10931e9
		last_owner_id	79908808-d272-49a8-864a-d133a10931e9
		group_id	00000000-0000-0000-0000-000000000000
	}
	sale_info	0
	{
		sale_type	not
		sale_price	10
	}
type 0
parameters 82
1 .16
2 -.21
4 .17
5 .44
6 .02
7 -.24
8 -.14
10 .88
11 .4
12 -.08
13 .68
14 .63
15 -.22
17 .22
18 .66
19 -.43
20 -.26
21 .31
22 .57
23 -.44
24 -.14
25 -.02
27 .05
33 1.14
34 -.26
35 -.07
36 -.52
37 -.14
38 -.1
80 1
105 .5
155 -.22
157 .02
185 -.76
193 .73
196 -.98
505 .49
506 -.12
507 0
515 -1
517 -.25
518 -.08
629 .37
637 .05
646 .1
647 -.02
649 .5
650 .05
652 .46
653 .38
656 0
659 .54
662 .5
663 0
664 0
665 .08
675 -.12
676 -.22
678 .46
682 .57
683 -.05
684 0
685 .08
690 .46
692 .18
693 .2
753 1
756 -.78
758 -.42
759 .75
760 .24
764 .23
765 .15
769 .45
773 .45
795 .26
796 .28
799 .52
841 .02
842 0
879 .17
880 -.8
textures 0
