LLWearable version 22
RASL M LEARN SHAPE (BILLY)

	permissions 0
	{
		base_mask	7fffffff
		owner_mask	7fffffff
		group_mask	00000000
		everyone_mask	00000000
		next_owner_mask	00082000
		creator_id	79908808-d272-49a8-864a-d133a10931e9
		owner_id	79908808-d272-49a8-864a-d133a10931e9
		last_owner_id	79908808-d272-49a8-864a-d133a10931e9
		group_id	00000000-0000-0000-0000-000000000000
	}
	sale_info	0
	{
		sale_type	not
		sale_price	10
	}
type 0
parameters 82
1 .55
2 .02
4 -.05
5 -.01
6 .09
7 -.21
8 .04
10 .48
11 .3
12 -.08
13 .06
14 .19
15 -.14
17 -.09
18 .5
19 -.65
20 -.1
21 .08
22 .57
23 -.28
24 -.28
25 .33
27 -.22
33 1.1
34 -.08
35 0
36 -.58
37 0
38 .08
80 1
105 .5
155 -.28
157 .05
185 -.5
193 .45
196 -1.07
505 .54
506 0
507 0
515 -1
517 -.2
518 -.08
629 .37
637 .14
646 .08
647 -.22
649 .5
650 -.27
652 .49
653 .11
656 0
659 .54
662 .5
663 0
664 0
665 0
675 -.1
676 -.31
678 .48
682 .63
683 -.08
684 0
685 .22
690 .48
692 0
693 .12
753 .76
756 -.68
758 -.6
759 .5
760 .82
764 .78
765 .54
769 .5
773 .45
795 .26
796 0
799 .5
841 -.02
842 0
879 .08
880 -.7
textures 0
