LLWearable version 22
RASL M EXPLORE SHAPE (LOUIS)

	permissions 0
	{
		base_mask	7fffffff
		owner_mask	7fffffff
		group_mask	00000000
		everyone_mask	00000000
		next_owner_mask	00082000
		creator_id	79908808-d272-49a8-864a-d133a10931e9
		owner_id	79908808-d272-49a8-864a-d133a10931e9
		last_owner_id	79908808-d272-49a8-864a-d133a10931e9
		group_id	00000000-0000-0000-0000-000000000000
	}
	sale_info	0
	{
		sale_type	not
		sale_price	10
	}
type 0
parameters 82
1 .55
2 -.31
4 .23
5 -.05
6 .09
7 -.28
8 -.08
10 .57
11 .04
12 .1
13 .03
14 .38
15 -.18
17 .09
18 .5
19 -.32
20 -.26
21 .17
22 .27
23 -.02
24 .18
25 .53
27 .25
33 1.14
34 -.22
35 .11
36 -.42
37 -.14
38 -.08
80 1
105 .5
155 -.48
157 .03
185 -.86
193 .6
196 -.98
505 .67
506 .08
507 0
515 -1
517 -.05
518 -.12
629 .41
637 .05
646 .08
647 .17
649 .5
650 0
652 .49
653 .8
656 0
659 .6
662 .5
663 0
664 0
665 .08
675 -.13
676 .02
678 .46
682 .6
683 -.08
684 0
685 .01
690 .4
692 .12
693 .02
753 .83
756 -.72
758 -.63
759 .38
760 .5
764 .84
765 -.02
769 .45
773 .53
795 .31
796 .11
799 .58
841 .02
842 -.28
879 .32
880 -.6
textures 0
