LLWearable version 22
RASL F PLAY SHAPE (CLARA)

	permissions 0
	{
		base_mask	7fffffff
		owner_mask	7fffffff
		group_mask	00000000
		everyone_mask	00000000
		next_owner_mask	00082000
		creator_id	79908808-d272-49a8-864a-d133a10931e9
		owner_id	79908808-d272-49a8-864a-d133a10931e9
		last_owner_id	79908808-d272-49a8-864a-d133a10931e9
		group_id	00000000-0000-0000-0000-000000000000
	}
	sale_info	0
	{
		sale_type	not
		sale_price	10
	}
type 0
parameters 82
1 .11
2 -.31
4 -.11
5 -.08
6 -.05
7 .02
8 -.42
10 .84
11 .24
12 -.02
13 0
14 .61
15 -.28
17 .13
18 .42
19 -.35
20 -.12
21 .07
22 .15
23 -.34
24 .11
25 .1
27 -.4
33 .45
34 0
35 -.1
36 -.94
37 -.98
38 -.18
80 0
105 .37
155 -.46
157 0
185 -.72
193 .56
196 -.38
505 .51
506 -.68
507 .04
515 -1
517 -.13
518 .24
629 .47
637 .06
646 -.15
647 -.05
649 .3
650 -.8
652 .35
653 .23
656 0
659 .63
662 .5
663 0
664 0
665 .08
675 -.19
676 -.43
678 .5
682 .55
683 -.17
684 .18
685 0
690 .36
692 .24
693 .18
753 .62
756 -.42
758 .06
759 .17
760 .85
764 .28
765 .2
769 .2
773 .51
795 .24
796 .11
799 .55
841 0
842 .14
879 0
880 -.4
textures 0
