LLWearable version 22
RASL F LEARN SHAPE (ANNA)

	permissions 0
	{
		base_mask	7fffffff
		owner_mask	7fffffff
		group_mask	00000000
		everyone_mask	00000000
		next_owner_mask	00082000
		creator_id	79908808-d272-49a8-864a-d133a10931e9
		owner_id	79908808-d272-49a8-864a-d133a10931e9
		last_owner_id	79908808-d272-49a8-864a-d133a10931e9
		group_id	00000000-0000-0000-0000-000000000000
	}
	sale_info	0
	{
		sale_type	not
		sale_price	10
	}
type 0
parameters 82
1 0
2 -.47
4 -.06
5 .15
6 -.05
7 .2
8 -.26
10 .17
11 .24
12 -.08
13 .21
14 .55
15 -.28
17 -.08
18 .7
19 -.3
20 -.06
21 -.05
22 0
23 -.4
24 .25
25 -.32
27 -.47
33 .58
34 .07
35 -.1
36 -1.1
37 -1.16
38 -.16
80 0
105 .47
155 -.42
157 .04
185 -.6
193 .54
196 -1.07
505 .31
506 -.44
507 0
515 -1
517 -.08
518 .24
629 .44
637 .06
646 -.01
647 -.09
649 .34
650 -.15
652 .34
653 .38
656 0
659 .59
662 .5
663 0
664 0
665 .08
675 -.19
676 -.37
678 .5
682 .52
683 -.2
684 .18
685 0
690 .37
692 .2
693 .22
753 .51
756 -.38
758 .06
759 -.05
760 .72
764 .35
765 -.08
769 .45
773 .53
795 .21
796 .01
799 .55
841 .02
842 .16
879 0
880 -.85
textures 0
