LLWearable version 22
RASL M PLAY SHAPE (HEATH)

	permissions 0
	{
		base_mask	7fffffff
		owner_mask	7fffffff
		group_mask	00000000
		everyone_mask	00000000
		next_owner_mask	00082000
		creator_id	79908808-d272-49a8-864a-d133a10931e9
		owner_id	79908808-d272-49a8-864a-d133a10931e9
		last_owner_id	79908808-d272-49a8-864a-d133a10931e9
		group_id	00000000-0000-0000-0000-000000000000
	}
	sale_info	0
	{
		sale_type	not
		sale_price	10
	}
type 0
parameters 82
1 -.16
2 -.14
4 .35
5 .1
6 -.04
7 -.2
8 -.28
10 .52
11 0
12 .46
13 .34
14 .55
15 -.24
17 -.2
18 .9
19 -.25
20 -.26
21 .11
22 .57
23 -.5
24 -.1
25 .07
27 -.27
33 1.23
34 -.26
35 -.07
36 -.52
37 -.32
38 -.14
80 1
105 .5
155 -.13
157 .02
185 -.66
193 .46
196 -.77
505 .5
506 -.2
507 0
515 -1
517 -.25
518 -.08
629 .37
637 .05
646 .17
647 .07
649 .5
650 -.27
652 .48
653 .29
656 0
659 .55
662 .5
663 0
664 0
665 .08
675 -.12
676 -.4
678 .43
682 .57
683 -.11
684 0
685 0
690 .46
692 .2
693 .16
753 1.08
756 -.68
758 -.42
759 .32
760 .78
764 .45
765 -.3
769 .47
773 .49
795 .23
796 .42
799 .46
841 .02
842 .12
879 .22
880 -.75
textures 0
