LLWearable version 22
RASL F LOVE SHAPE (GENA)

	permissions 0
	{
		base_mask	7fffffff
		owner_mask	7fffffff
		group_mask	00000000
		everyone_mask	00000000
		next_owner_mask	00082000
		creator_id	79908808-d272-49a8-864a-d133a10931e9
		owner_id	79908808-d272-49a8-864a-d133a10931e9
		last_owner_id	79908808-d272-49a8-864a-d133a10931e9
		group_id	00000000-0000-0000-0000-000000000000
	}
	sale_info	0
	{
		sale_type	not
		sale_price	10
	}
type 0
parameters 82
1 -.07
2 -.4
4 -.13
5 .03
6 -.05
7 .02
8 -.42
10 .25
11 .24
12 -.26
13 .15
14 .55
15 -.28
17 .32
18 .42
19 -.5
20 .02
21 .13
22 0
23 -.46
24 -.31
25 .1
27 -.05
33 .5
34 -.04
35 -.1
36 -1
37 -.74
38 -.28
80 0
105 .51
155 -.39
157 0
185 -.66
193 .5
196 -1.04
505 .39
506 -.68
507 -.45
515 -1
517 .07
518 .24
629 .5
637 .06
646 -.01
647 -.14
649 .33
650 -.2
652 .39
653 .56
656 0
659 .53
662 .5
663 0
664 0
665 .16
675 -.17
676 -.13
678 .5
682 .51
683 -.18
684 -.03
685 0
690 .39
692 .2
693 .24
753 .55
756 -.4
758 .09
759 .1
760 .69
764 .61
765 -.08
769 .45
773 .53
795 .24
796 0
799 .53
841 -.02
842 -.08
879 0
880 -.62
textures 0
