LLWearable version 22
RASL F SHOP SHAPE (SUZY)

	permissions 0
	{
		base_mask	7fffffff
		owner_mask	7fffffff
		group_mask	00000000
		everyone_mask	00000000
		next_owner_mask	00082000
		creator_id	79908808-d272-49a8-864a-d133a10931e9
		owner_id	79908808-d272-49a8-864a-d133a10931e9
		last_owner_id	79908808-d272-49a8-864a-d133a10931e9
		group_id	00000000-0000-0000-0000-000000000000
	}
	sale_info	0
	{
		sale_type	not
		sale_price	10
	}
type 0
parameters 82
1 .44
2 -.21
4 .1
5 .01
6 .06
7 .02
8 -.44
10 .08
11 -.1
12 .46
13 .08
14 .47
15 -.2
17 -.26
18 1.14
19 -.38
20 -.1
21 .07
22 0
23 -.42
24 .08
25 .33
27 -.2
33 .5
34 -.02
35 -.04
36 -1
37 -.56
38 -.14
80 0
105 .4
155 -.48
157 .03
185 -.12
193 .63
196 -.86
505 .37
506 -.12
507 -.31
515 -1
517 .01
518 .17
629 .58
637 .05
646 .08
647 -.25
649 .3
650 .5
652 .4
653 .56
656 0
659 .7
662 .5
663 0
664 0
665 -.28
675 -.18
676 -.19
678 .5
682 .52
683 -.18
684 .08
685 0
690 .39
692 .1
693 -.12
753 .48
756 -.3
758 -.48
759 .43
760 .91
764 .21
765 -.3
769 .63
773 .38
795 .19
796 0
799 .52
841 .04
842 -.4
879 0
880 -.77
textures 0
